BFS - 64
simSeconds=0.001891
system.cpu.cpi=1.282639

BFS - 128
simSeconds=0.006731
system.cpu.cpi=1.298649

BFS- 256
simSeconds=0.028382
system.cpu.cpi=1.307054

BFS- 512
simSeconds=0.106458
system.cpu.cpi=1.316062
