LL - 1k
simSeconds=0.000339
system.cpu.cpi=1.209895

LL - 10k
simSeconds=0.003585
system.cpu.cpi=1.305191

LL - 100k
simSeconds=0.035528
system.cpu.cpi=1.296130

LL - 300k
simSeconds=0.106525
system.cpu.cpi=1.295612
