MxM - 32x32
simSeconds=0.001736
system.cpu.cpi=1.130370

MxM - 64x64
simSeconds=0.019175
system.cpu.cpi=1.595599

MxM - 128x128
simSeconds=0.222061
system.cpu.cpi=2.331762

MxM - 256x256
simSeconds=1.805744
system.cpu.cpi=2.381009
