MxM - 32x32
simSeconds=0.001488
system.cpu.cpi=0.969178

MxM - 64x64
simSeconds=0.016439
system.cpu.cpi=1.367857

MxM - 128x128
simSeconds=0.193984
system.cpu.cpi=2.036931

MxM - 256x256
simSeconds=1.589598
system.cpu.cpi=2.096004
